       serial number      correct answers              penalties for wrong answers

                  10         ECCCEBCCDDCA 0.250 0.250 0.250 0.333 0.250 0.250 0.250 0.250 0.250 0.250 0.250 0.250 
                  11         DCDABBDBADDA 0.250 0.250 0.250 0.250 0.250 0.250 0.250 0.250 0.250 0.250 0.333 0.250 
                  12         EBDEECCBCACD 0.250 0.250 0.250 0.250 0.250 0.333 0.250 0.250 0.250 0.250 0.250 0.250 
                  13         DCBDBABAEEBA 0.250 0.250 0.250 0.250 0.250 0.250 0.250 0.250 0.250 0.250 0.250 0.333 
                  14         EBCCAADDDBEC 0.250 0.250 0.250 0.250 0.250 0.333 0.250 0.250 0.250 0.250 0.250 0.250 
                  15         AADDDEABDEEC 0.250 0.250 0.250 0.250 0.333 0.250 0.250 0.250 0.250 0.250 0.250 0.250 
                  16         ECEEEDBEEDEB 0.250 0.250 0.250 0.250 0.250 0.250 0.250 0.250 0.250 0.250 0.250 0.333 
                  17         DABBBCCDADDA 0.250 0.250 0.250 0.250 0.250 0.250 0.250 0.250 0.333 0.250 0.250 0.250 
                  18         DCDABDCDCDEE 0.250 0.250 0.333 0.250 0.250 0.250 0.250 0.250 0.250 0.250 0.250 0.250 
                  19         BECECBABDEBA 0.250 0.250 0.250 0.250 0.250 0.250 0.250 0.333 0.250 0.250 0.250 0.250 
                  20         BDACCCCCDCEC 0.250 0.250 0.250 0.250 0.333 0.250 0.250 0.250 0.250 0.250 0.250 0.250 
                  21         AACCBBEDEECE 0.250 0.250 0.250 0.250 0.250 0.250 0.250 0.250 0.250 0.250 0.333 0.250 
                  22         DACACBADDDEB 0.250 0.333 0.250 0.250 0.250 0.250 0.250 0.250 0.250 0.250 0.250 0.250 
                  23         DDBBCACABDDD 0.250 0.250 0.250 0.250 0.250 0.250 0.333 0.250 0.250 0.250 0.250 0.250 
                  24         ABABCCBACCBE 0.250 0.250 0.250 0.333 0.250 0.250 0.250 0.250 0.250 0.250 0.250 0.250 
                  25         ABEEEACBBDAE 0.250 0.333 0.250 0.250 0.250 0.250 0.250 0.250 0.250 0.250 0.250 0.250 
                  26         EACDEAAECABE 0.250 0.250 0.250 0.250 0.250 0.250 0.250 0.250 0.333 0.250 0.250 0.250 
                  27         BDEAEEABBCAB 0.250 0.333 0.250 0.250 0.250 0.250 0.250 0.250 0.250 0.250 0.250 0.250 
                  28         CCDAABBCDABE 0.250 0.250 0.250 0.250 0.250 0.333 0.250 0.250 0.250 0.250 0.250 0.250 
                  29         BADCDBBCCCBA 0.250 0.250 0.333 0.250 0.250 0.250 0.250 0.250 0.250 0.250 0.250 0.250 
                  30         CAAEACDBBEDB 0.250 0.250 0.333 0.250 0.250 0.250 0.250 0.250 0.250 0.250 0.250 0.250 
                  31         ECCBEDCBCAAB 0.250 0.250 0.250 0.250 0.250 0.250 0.250 0.333 0.250 0.250 0.250 0.250 
                  32         EADBCAEBCDEE 0.250 0.250 0.333 0.250 0.250 0.250 0.250 0.250 0.250 0.250 0.250 0.250 
                  33         CDEDACDCDCEB 0.250 0.250 0.250 0.250 0.250 0.250 0.250 0.250 0.250 0.333 0.250 0.250 
                  34         ADBCCBECEEED 0.250 0.250 0.250 0.250 0.250 0.333 0.250 0.250 0.250 0.250 0.250 0.250 
                  35         BBADBCACDCBD 0.250 0.250 0.250 0.250 0.250 0.250 0.250 0.250 0.333 0.250 0.250 0.250 
                  36         BEDADBEDDACD 0.250 0.250 0.250 0.250 0.250 0.250 0.250 0.250 0.250 0.250 0.333 0.250 
                  37         DCBBBACCCDEE 0.250 0.250 0.250 0.250 0.333 0.250 0.250 0.250 0.250 0.250 0.250 0.250 
                  38         BDBBBEABAABE 0.250 0.250 0.250 0.250 0.250 0.250 0.250 0.250 0.250 0.333 0.250 0.250 
                  39         ADABEDBEBEBB 0.250 0.250 0.250 0.250 0.250 0.250 0.250 0.250 0.250 0.250 0.333 0.250 
